-4.0 -3.0 -4.0 -1.4 0.0 
-2.9583333333333335 -2.3333333333333335 -3.375 -3.8 0.0 
-4.0 -3.0 -4.0 -1.4 0.0 
-3.875 -3.0 -3.125 -2.6 0.0 
-2.3333333333333335 -2.3333333333333335 -4.0 -2.8 0.0 
-2.6666666666666665 -2.6666666666666665 -4.0 -2.6 0.0 
-3.0 -3.0 -4.0 -2.4 0.0 
-3.75 -3.0 -3.25 -2.8 0.0 
-4.625 -3.0 -3.375 -2.4 0.0 
-4.375 -3.0 -3.625 -2.0 0.0 
-4.5 -3.0 -3.5 -2.2 0.0 
-4.5 -3.0 -3.5 -2.2 0.0 
-4.375 -3.0 -3.625 -2.0 0.0 
-3.4583333333333335 -2.3333333333333335 -3.875 -2.0 0.0 
-3.7083333333333335 -2.3333333333333335 -3.625 -2.4000000000000004 0.0 
-3.3333333333333335 -2.3333333333333335 -4.0 -1.8 0.0 
-3.6666666666666665 -2.6666666666666665 -4.0 -1.6 0.0 
-2.9583333333333335 -2.3333333333333335 -3.375 -3.8 0.0 
-3.5833333333333335 -2.3333333333333335 -3.75 -2.2 0.0 
-3.5 -3.0 -3.5 -3.1999999999999997 0.0 
-3.625 -3.0 -3.375 -3.4 0.0 
-3.375 -3.0 -3.625 -3.0 0.0 
-2.8333333333333335 -2.3333333333333335 -3.5 -3.5999999999999996 0.0 
-4.875 -3.0 -3.125 -1.6 0.0 
-4.625 -3.0 -3.375 -2.4 0.0 
-4.75 -3.0 -3.25 -1.7999999999999998 0.0 
-2.7916666666666665 -2.6666666666666665 -3.875 -2.8000000000000003 0.0 
-3.1666666666666665 -2.6666666666666665 -3.5 -3.4 0.0 
-3.0416666666666665 -2.6666666666666665 -3.625 -3.2 0.0 
-3.5833333333333335 -2.3333333333333335 -3.75 -2.2 0.0 
-3.125 -3.0 -3.875 -2.6 0.0 
-2.4583333333333335 -2.3333333333333335 -3.875 -3.0 0.0 
-2.5833333333333335 -2.3333333333333335 -3.75 -3.2 0.0 
-3.25 -3.0 -3.75 -2.8 0.0 
-2.8333333333333335 -2.3333333333333335 -3.5 -3.5999999999999996 0.0 
-2.7083333333333335 -2.3333333333333335 -3.625 -3.4000000000000004 0.0 
-4.125 -3.0 -3.875 -1.6 0.0 
-2.9166666666666665 -2.6666666666666665 -3.75 -3.0 0.0 
-2.7083333333333335 -2.3333333333333335 -3.625 -3.4000000000000004 0.0 
-3.0416666666666665 -2.6666666666666665 -3.625 -3.2 0.0 
-3.2916666666666665 -2.6666666666666665 -3.375 -3.6 0.0 
-2.6666666666666665 -2.6666666666666665 -4.0 -2.6 0.0 
-2.7916666666666665 -2.6666666666666665 -3.875 -2.8000000000000003 0.0 
-2.9166666666666665 -2.6666666666666665 -3.75 -3.0 0.0 
-3.2916666666666665 -2.6666666666666665 -3.375 -3.6 0.0 
-3.7916666666666665 -2.6666666666666665 -3.875 -1.7999999999999998 0.0 
-3.875 -3.0 -3.125 -2.6 0.0 
-2.3333333333333335 -2.3333333333333335 -4.0 -2.8 0.0 
-3.75 -3.0 -3.25 -2.8 0.0 
-2.4583333333333335 -2.3333333333333335 -3.875 -3.0 0.0 
-2.5833333333333335 -2.3333333333333335 -3.75 -3.2 0.0 
-3.25 -3.0 -3.75 -2.8 0.0 
-3.1666666666666665 -2.6666666666666665 -3.5 -3.4 0.0 
