1 1 0 1 1 1 1 1 1 1 1 1 1 0 1 1 1 1 2 2 2 2 8 3 2  
1 1 1 1 1 1 1 1 1 1 1 0 1 0 1 1 1 1 2 2 2 4 3 3 3  
1 1 0 1 1 1 1 1 1 1 1 1 1 0 1 1 1 1 2 2 2 2 8 3 2  
1 1 1 1 1 1 1 1 1 1 1 0 1 0 1 1 1 1 2 2 2 2 1 3 3  
1 1 1 1 1 1 1 1 1 1 1 0 1 0 1 1 1 1 2 2 1 4 8 3 1  
1 1 1 1 1 1 1 1 1 1 1 0 1 0 1 1 1 1 2 2 2 3 8 3 2  
1 1 1 1 1 1 1 1 1 1 1 0 1 0 1 1 1 1 2 2 2 2 8 3 1  
1 1 1 1 1 1 1 1 1 1 1 0 1 0 1 1 1 1 2 2 1 2 2 3 4  
1 1 0 1 1 1 1 1 1 1 1 1 1 0 1 1 1 1 2 2 2 2 3 3 1  
1 1 0 1 1 1 1 1 1 1 1 1 1 0 1 1 1 1 2 2 2 2 5 3 1  
1 1 0 1 1 1 1 1 1 1 1 1 1 0 1 1 1 1 2 2 2 2 4 3 2  
1 1 0 1 1 1 1 1 1 1 1 1 1 0 1 1 1 1 2 2 2 2 4 3 2  
1 1 0 1 1 1 1 1 1 1 1 1 1 0 1 1 1 1 2 2 2 2 5 3 1  
1 1 0 1 1 1 1 1 1 1 1 1 1 0 1 1 1 1 2 2 2 4 7 3 1  
1 1 0 1 1 1 1 1 1 1 1 1 1 0 1 1 1 1 2 2 2 4 5 3 2  
1 1 0 1 1 1 1 1 1 1 1 1 1 0 1 1 1 1 2 2 2 4 8 3 1  
1 1 0 1 1 1 1 1 1 1 1 1 1 0 1 1 1 1 2 2 1 3 8 3 2  
1 1 1 1 1 1 1 1 1 1 1 0 1 0 1 1 1 1 2 2 3 4 3 3 1  
1 1 0 1 1 1 1 1 1 1 1 1 1 0 1 1 1 1 2 2 2 4 6 3 1  
1 1 1 1 1 1 1 1 1 1 1 0 1 0 1 1 1 1 2 2 2 2 4 3 2  
1 1 1 1 1 1 1 1 1 1 1 0 1 0 1 1 1 1 2 2 2 2 3 3 1  
1 1 1 1 1 1 1 1 1 1 1 0 1 0 1 1 1 1 2 2 2 2 5 3 1  
1 1 1 1 1 1 1 1 1 1 1 0 1 0 1 1 1 1 2 2 3 4 4 3 1  
1 1 0 1 1 1 1 1 1 1 1 1 1 0 1 1 1 1 2 2 2 2 1 3 1  
1 1 0 1 1 1 1 1 1 1 1 1 1 0 1 1 1 1 2 2 2 2 3 3 1  
1 1 0 1 1 1 1 1 1 1 1 1 1 0 1 1 1 1 2 2 2 2 2 3 2  
1 1 1 1 1 1 1 1 1 1 1 0 1 0 1 1 1 1 2 2 2 3 7 3 3  
1 1 1 1 1 1 1 1 1 1 1 0 1 0 1 1 1 1 2 2 1 3 4 3 2  
1 1 1 1 1 1 1 1 1 1 1 0 1 0 1 1 1 1 2 2 2 3 5 3 2  
1 1 0 1 1 1 1 1 1 1 1 1 1 0 1 1 1 1 2 2 2 4 6 3 1  
1 1 1 1 1 1 1 1 1 1 1 0 1 0 1 1 1 1 2 2 1 2 7 3 4  
1 1 1 1 1 1 1 1 1 1 1 0 1 0 1 1 1 1 2 2 1 4 7 3 4  
1 1 1 1 1 1 1 1 1 1 1 0 1 0 1 1 1 1 2 2 2 4 6 3 2  
1 1 1 1 1 1 1 1 1 1 1 0 1 0 1 1 1 1 2 2 2 2 6 3 1  
1 1 1 1 1 1 1 1 1 1 1 0 1 0 1 1 1 1 2 2 3 4 4 3 1  
1 1 1 1 1 1 1 1 1 1 1 0 1 0 1 1 1 1 2 2 1 4 5 3 1  
1 1 0 1 1 1 1 1 1 1 1 1 1 0 1 1 1 1 2 2 2 2 7 3 1  
1 1 1 1 1 1 1 1 1 1 1 0 1 0 1 1 1 1 2 2 1 3 6 3 3  
1 1 1 1 1 1 1 1 1 1 1 0 1 0 1 1 1 1 2 2 2 4 5 3 4  
1 1 1 1 1 1 1 1 1 1 1 0 1 0 1 1 1 1 2 2 2 3 5 3 2  
1 1 1 1 1 1 1 1 1 1 1 0 1 0 1 1 1 1 2 2 2 3 3 3 1  
1 1 1 1 1 1 1 1 1 1 1 0 1 0 1 1 1 1 2 2 1 3 8 3 1  
1 1 1 1 1 1 1 1 1 1 1 0 1 0 1 1 1 1 2 2 2 3 7 3 3  
1 1 1 1 1 1 1 1 1 1 1 0 1 0 1 1 1 1 2 2 1 3 6 3 3  
1 1 1 1 1 1 1 1 1 1 1 0 1 0 1 1 1 1 2 2 3 3 3 3 3  
1 1 0 1 1 1 1 1 1 1 1 1 1 0 1 1 1 1 2 2 2 3 7 3 4  
1 1 1 1 1 1 1 1 1 1 1 0 1 0 1 1 1 1 2 2 2 2 1 3 1  
1 1 1 1 1 1 1 1 1 1 1 0 1 0 1 1 1 1 2 2 3 4 8 3 1  
1 1 1 1 1 1 1 1 1 1 1 0 1 0 1 1 1 1 2 2 1 2 2 3 4  
1 1 1 1 1 1 1 1 1 1 1 0 1 0 1 1 1 1 2 2 1 4 7 3 4  
1 1 1 1 1 1 1 1 1 1 1 0 1 0 1 1 1 1 2 2 2 4 6 3 2  
1 1 1 1 1 1 1 1 1 1 1 0 1 0 1 1 1 1 2 2 2 2 6 3 2  
1 1 1 1 1 1 1 1 1 1 1 0 1 0 1 1 1 1 2 2 1 3 4 3 2  
